%%
% CMC Result from Paper

%% VIPeR
% ftr based
CMR_SDALF=[...
    19.87 27.56 33.29 36.27 38.89 41.55 43.48 45.51 47.63 49.37 ...
    51.2700   53.1300   55.1900   56.7700   58.7300   60.7600   62.3400   63.6100   64.6800   65.7300 ...
    66.7700   67.6900   68.8600   69.7200   70.5100   71.3600   72.3100   72.9700   73.6700   74.3700 ...
    75.2800   75.7900   76.5500   77.2500   78.1300   78.7300   79.2400   80.0600   80.5400   81.2300 ...
    81.5500   81.7700   82.3700   82.9400   83.3500   83.6700   83.9900   84.3400   84.6500   84.8400 ...
    ];

CMR_CPS=[ ...
    21.84 31 36 41 45 47.5 50 52.5 55 57.5 ...
    59 61 62 63.5 65 66.5 68 69 70 71 ...
    71.8000   72.6000   73.4000   74.2000   75.0000   75.8000   76.6000   77.4000   78.2000   79.0000 ...
    79.5000   80.0000   80.5000   81.0000   81.5000   82.0000   82.5000   83.0000   83.5000 84  ...
    84.3000   84.6000   84.9000   85.2000   85.5000   85.8000   86.1000   86.4000   86.7000   87.000 ...
    ];

CMR_eLDFV=[...
    22.3449   31.1361   37.4684   42.5316   46.9209   50.5000   53.3449   55.8671   58.0348   60.0380 ...
    61.6994   63.2025   64.6329   65.9620   67.2532   68.3070   69.2278   70.1013   71.0253   71.8133 ...
    72.7057   73.5380   74.4114   75.3259   76.2722   77.1519   77.9937   78.8101   79.4335   80.1013 ...
    80.6899   81.2405   81.7690   82.2975   82.7943   83.2500   83.6994   84.1582   84.5886   85.0633 ...
    85.4715   85.8639   86.3386   86.7658   87.1804   87.5759   87.8924   88.1677   88.5222   88.8196 ...
    ];

CMR_SCEAF=[...
    26.49 36 42 47 50 53 55 57 59 61 ...
    63 64.5 66 67 68.5 70 71 72 73 74 ...
    75 76 76.8 77.7 78.6 79.3 79.7 80.2 80.9 81.5 ...
    82.0500   82.6000   83.1500   83.7000   84.2500   84.8000   85.3500   85.9000   86.4500 87 ...
    87.2500   87.5000   87.7500   88.0000   88.2500   88.5000   88.7500   89.0000   89.2500 89.5 ...
    ];

CMR_eSDC=[ ...
    26.74 38 43 48 50.5 54 57 59 60.5 62.37 ...
    64  65.5 67 68.8 70.2 71.4 72.4 73.5 75 76.36 ...
    77.0880   77.8160   78.5440   79.2720   80.0000   80.7000   81.4000   82.1000   82.8000   83.5000 ...
    84.0000   84.5000   85.0000   85.5000  86    86.4000   86.8000   87.2000   87.6000   88.0000 ...
    88.2500   88.5000   88.7500   89.0000   89.2500   89.5000   89.7500   90.0000   90.2500   90.5000 ...
    ];%% paper CMC: 1-25

CMR_eBicov=...
    [24.1379   33.1034   38.2759   43.1034   46.5517   49.3103   52.0690   54.3103   56.2069   58.4483 ...
    60.1724   61.7241   63.1034   64.1379   65.3448   66.5517   67.5862   68.6207   69.8276   71.2069 ...
    72.0690   73.4483   74.3103   75.3448   76.2069   76.8966   77.5862   78.1034   78.7931   79.3103 ...
    80.1724   80.5172   81.0345   81.5517   81.8966   82.4138   82.9310   83.4483   83.7931   84.3103 ...
    84.6552   85.1724   85.6897   86.0345   86.3793   86.8966   87.2414   87.4138   87.7586   88.1034 ];

CMR_MCTCS=[...
    23.4286   32.2857   38.2857   42.8571   46.8571   49.7143   52.5714   55.4286   57.4286   59.7143 ...
    62.0000   64.0000   66.2857   68.0000   69.4286  70.5714   72.0000   72.8571   73.4286   74.5714  ...
    75.7143   76.5714   77.7143   79.1429    79.7143   80.2857   81.4286   82.5714   83.1429   83.7143 ...
    84.2857   84.8571   85.7143    86.0000   86.8571 87 87 87 87 87 ...
    87 87 87 87 87 87 87 87 87 87 ...
    ];

CMR_Comp_Ftr=[CMR_SDALF; CMR_CPS; CMR_eLDFV;CMR_SCEAF;CMR_eSDC];

%% metric
CMR_ELF=[...
    12 17 22 26 31 34 36.5 39 41 43.5 ...
    46 48 50.5 52 53 54.5 56 58 59 60.5...
    61.6 62.5 63 64 65 65.5 66 67 68 68.7 ...
    69.2 70 70.8 71.5 72 72.5 73 74 75 75.5 ...
    76 76.5 77 77.5 78 78.5 79 79.5 80 80.3 ...
    ];

CMR_ERSVM=[...
    15 22 28 33 37 40 43.5 46.5 49 50.5 ...
    52.5 55 57 59 60.5 62.5 63.5 64.5 65.5 66 ...
    66.7000   67.4000   68.1000   68.8000   69.5000   70.2000   70.9000   71.6000   72.3000   73.0000 ...
    73.7000   74.4000   75.2000   76.1000   76.5000   77.2000   77.9000   78.6000   79.3000   80.0000 ...
    80.5000   81.0000   81.5000   82.0000   82.5000   83.0000   83.5000   84.0000   84.5000   85.0000 ...
    ];

CMR_LMNN_R=[...
    20 30 36.5 44 49 54 58 60.5 63.5 66 ...
    67.5  69.3  71.2  72.8000   74.000   75.6000   76.7000   77.6000   78.5000   79.5000 ...
    80.6000   81.4000   82.2000   83.2000   83.7000    84.1944   84.5888   85.2832   85.5776   86.3720 ...
    86.7664   87.0008   87.4552   87.6596   87.9940   88.2384   88.4328   88.7272   89.0216   89.4160 ...
    89.6600   89.8000   89.9300   90.2000   90.5000   90.8000   91.1000   91.4000   91.7000  92.00 ...
    ];

CMR_PRDC=[ ...
    15.66 23 30 34 38.24 42 46 49 51.5 53.86 ...
    55.5 57 59.5 61.5 63 64.5 66.5 68 69 70.09 ...
    70.8333   71.6667   72.5000   73.3333   74.1667   75.0000   75.8333   76.6667   77.5000   ...
    78.3333   79.1667 80  80.5000   81.0000   81.5000   82.0000   82.5000   83.0000   83.5000   84.0000 ...
    84.4000   84.8000   85.2000   85.6000   86.0000   86.4000   86.8000   87.2000   87.6000   88.0000 ...
    ];

CMR_LF=[...
    24.18 35 43 48 53 57 60 63 65  67.12 ...
    70 72 73.5 75:81 ...
    82.0000   82.7222   83.4444   84.1667   85.10   85.9111   86.9333   87.5556   88.1778   88.6000 ...
    88.9500   89.5000   89.8500   90.1000   90.3500   90.7000   90.9900   91.3000   91.6500   92.0000 ...
    92.2120   92.4240   92.6360   92.8480   93.0600   93.2720   93.4840   93.6960   93.9080   94.1200 ...
    ];

% 20+[0.6 2.15 3.2 4 4.7 5.2]*10/1.75
% 50+[0.45 0.95 1.3 1.7 2.1 2.45 2.85 3.15 3.4]*10/1.75
% 70+[ 0.1 0.35 0.5 0.6 0.8 1 1.15 1.35 1.6 1.7 1.8 2 2.2 2.3 2.4 2.5 2.6 2.75 2.8 2.95 ]*10/1.75


CMR_RS_KISS=[...
    24.5 35 41 48 52 55 58.3 60.8 63.6 66.6 ...
    69 71 73 75 76 77 78 79 80 81 ...
    82 83 83.3 84 84.7 85.3 85.8 86.4 86.9 87.5 ...
    88.0000   88.3778   89.0556   89.3333   89.6111   89.8889   90.1667   90.4444   90.7222 91 ...
    91.5000   91.6667   91.8333   92.0000   92.1667   92.3333   92.5000   92.6667   92.8333 93 ...
    ];

CMR_Comp_Metric=[CMR_ELF; CMR_ERSVM; CMR_PRDC; CMR_LMNN_R; CMR_LF;CMR_RS_KISS];
